name u g r i z y redshift
galaxy.A 17.8313 16.9077 16.4431 16.2099 16.0613 15.8732 0.038356
galaxy.B 19.0731 17.7448 16.9789 16.5288 16.2551 15.9531 0.058309
galaxy.C 21.638 21.0106 20.8286 20.6283 20.6552 20.528 0.063701
galaxy.D 20.5474 19.5542 19.2387 19.0568 19.0887 18.9865 0.059006
galaxy.E 21.2378 20.6876 20.5661 20.4371 20.4799 20.4503 0.063202
galaxy.F 22.4627 21.4597 21.0484 20.8274 20.7639 20.6385 0.057773
galaxy.G 23.8221 22.895 22.5779 22.3543 22.3225 22.2038 0.061548
galaxy.H 23.0491 22.1536 21.8791 21.6889 21.7044 21.6381 0.063769
galaxy.I 23.6742 23.0346 22.7857 22.6116 22.5813 22.5462 0.061427
